37315112
34888528
39475571
39445596
38243142
37654029
37563912
39046104
36285248
37118071
38987357
38724733
40603580
39501126
35665306
40588649
38865281
38942983
40033047
34992270
40954326
38924662
40461807
38764252
38200273
40394224
39210148
35668045
40042460
39535490
39985481
38267189
40164771
40316675
40394891
37837420
39535480
36577090
39511865
32301581
37118135
36172600
39291737
40810263
37496259
37606627
37639369
39513963
40386988
37587767
37823470
38706421
39602511
39627462
38580819
37578167
39559858
36735865
36155662
40356024
37768001
39115941
39775791
40676597
40008916
39588767
39936291
28576507
37695022
40927874
35258170
40407102
39129354
39136045
23727080
40457744
32363395
39193899
40779429
39424993
40545618
32417716
40747592
39030734
35362200
38265159
37091193
33480178
40235115
26776761
40145464
37015464
39041391
29936147
40665478
37746888
40530618
37369636
39559917
39215503
34374496
35183061
40156243
33615673
40673371
41020412
37414885
27344937
40796698
34004495
34151536
40020422
36815661
36537475
35278709
36852834
39711458
39140601
40717652
38740938
40110647
39324544
37118134
32671330
23102128
39375688
39988572
40737409
40425804
34871931
41137623
40481237
40691770
36057187
36211119
33091740
33226734
34971298
22402324
40042515
33939609
28342697
36867912
40302045
34543193
40675424
40135505
41152204
39115912
35103391
38415908
38958117
41044200
38299756
39108002
40042417
28183528
40800263
41117431
28174071
36208572
36284403
36276634
36157597
37303116
30567591
38683905
40761006
40667702
38087949
33137699
39082647
38324244
40990131
34706304
41104597
27079753
23110864
34378011
36681388
40528303
31329111
27693183
40302043
37554928
37859729
41053866
41117394
25676387
35660461
35404811
33215852
37610059
24858570
37904203
38292544
41020424
36631408
28088191
25223727
37087687
35344489
33284751
38061196
40042496
37142829
35142053
36752347
32043733
33401309
36115098
39001629
38062254
36825405
39711105
29672663
25916562
31842725
38877887
28167394
33792187
38572850
39559925
34109729
32951050
39559999
40022853
40800341
35490390
40838518
39226887
40891260
33497435
40994414
28711346
36997138
40221600
26776762
35490597
23916838
36453876
36608414
40684252
39614747
40566759
27898305
40189799
40843926
37767905
40832727
34870371
37881831
40042470
40371675
39868827
30390514
39154619
37523918
35142026
37095709
39711133
39887916
41066801
26589402
38881838
35796399
39586346
40133250
38914859
26874595
35144198
38369763
40911712
40109017
29263008
29551332
27432800
28586648
34311421
39718159
38627848
38958543
40041300
41063300
40583914
30314799
33984176
37314431
36396609
26093156
34060702
37118370
22748938
37596355
37525279
40572030
33947463
38625767
35661582
35820077
40110649
21723206
39976261
40147601
32729964
27777020
33341877
35398606
36502428
21575870
39927859
34410351
32729966
40983947
34514433
26079415
38497216
29328926
37225420
37117770
40570808
38458094
41059738
34343841
34978143
34731771
33729932
31822815
36941113
36917472
40926187
35453149
34818611
41139712
38776842
36541444
36086926
31811979
40596742
40110639
37549611
37830443
37409680
40880328
41074907
37995628
21802369
35176207
29183403
33007638
34310039
24613706
26806385
40762120
35105355
38436558
31944949
35388959
35429343
30682584
40800319
36259367
34038818
38465203
38574399
21255743
38049560
22360970
29502031
38053483
36648159
31262699
33480187
39140368
31881907
40300378
40800395
34700245
38850625
41074912
30626715
33388456
23628985
40346726
33957235
34687634
40008918
40800431
38497429
32920988
24656849
34343840
37231197
23123231
23141385
29807313
40800514
39208560
39814561
24667299
37882354
38311126
32803865
40800931
32898682
41064239
27060621
40760979
40800272
21914569
31201098
40407103
28732595
40800385
31859230
23978324
38859733
37578203
39301426
28919059
40407074
41126998
27799057
40084116
28923553
41059577
31874606
38608510
37287013
40800505
40037055
33075641
40748327
38942101
40800544
31113759
29994089
40994416
40800334
40800900
28238738
23510558
38835075
40448362
32417715
21784356
25616957
25617509
40800372
31506247
40621876
40800257
38461654
34044854
40800884
40800843
22658286
40322527
40800739
40791103
32894711
40926627
41059583
40538019
40778563
39641380
24710828
21414553
40522060
41058004
40865328
40800787
35501841
40966649
31927474
33480172
20810324
21784346
23712001
40575708
40410931
40978087
40800501
40800467
40156279
40189831
38385881
40862516
33930831
39546981
41057989
40774097
39638876
39817562
25700360
22244037
28282641
41085201
26674971
41148224
28322204
24035058
40694035
37827111
28551556
41056815
33930828
40325920
33371874
39985487
37934647
40084735
35148262
39826435
38889242
41030129
35451562
36374874
39592241
26960221
24943344
40342195
37496373
34971120
38425234
29571749
26452275
35667639
21536520
32278090
35905809
38587958
36882008
36740029
26077693
39042528
38836403
40042448
40702704
36218161
38561022
26742127
35172227
29703698
21474362
38443507
36195640
31021792
34933123
25092249
36239391
39438735
40820069
31668596
28399476
21791408
31874597
39179903
41057914
35507621
33528089
25150734
30908201
23008245
35171766
39951525
30654174
33253116
30108311
38238602
40665048
35020411
38018911
34971221
32264951
36702036
39543508
33406038
36788477
32467645
40085471
40169865
27046114
40955476
34971068
34593971
37450359
40663684
37289978
36327188
34400772
33480157
35365809
35324436
34920719
25487963
36374873
31446125
36368499
38366114
38241120
21989140
37587790
31841681
35878722
31144631
35779250
30908202
40030867
39187698
37032600
40164724
23086519
41053432
32682094
38949932
40667953
21324775
33338617
41130534
36209412
40465677
34749637
38965435
36801372
38843963
37037063
31837471
35974140
28320654
37015392
21708272
37419974
40775052
25869857
39215231
34049495
31277574
36089183
31885036
39266977
25245051
37387135
27217151
37285247
37156449
41060654
38742521
34913981
40665049
37422279
34450261
39397082
40199828
38940180
29703947
28334258
36624372
37391692
31675324
31510680
35385337
39693428
40184066
35836122
36399579
21727896
27663458
39741190
23327628
31121298
28666881
30351394
29802968
32424236
25888240
40440147
30677502
33173194
29590295
37864221
33099008
31268539
34968177
32632436
32750498
28602597
40222500
39214438
39264624
36192681
37529914
39892529
32492510
22032181
27012503
31678502
37669123
35764707
32651477
35393557
25953026
35753592
39826774
38345816
32662842
24096125
36907283
36597019
25731993
41135743
36724222
37436975
34003271
39638080
36100897
36456900
32512126
41057935
26923371
32093643
23274184
36369064
36018878
39009776
36094986
27262241
30130645
28439103
24917541
30326293
22614574
40316225
21195775
29598923
30130647
36702211
41032559
21258065
37707812
40695406
34764492
37097631
23066814
31199445
40067301
25819077
37156936
39004409
32763427
31401075
22536860
38977916
36682509
31701891
36241969
31517043
39115390
21803681
28807870
40890850
22982105
22510256
31595034
36183712
35247546
35438756
24564523
41056154
40122476
31116390
26515904
25936807
21453508
28414186
33991694
25312773
36409497
35245192
26458520
38614108
36598790
40011801
37220799
40498820
32183722
30048747
36271868
39307154
24564704
25880419
37977157
25042445
33239300
40389148
40323319
30248455
37977712
41118165
30775436
29518572
39954872
38750907
37839434
24305169
37211192
37285157
21272654
26234554
20542124
40544898
37943555
33203351
29258890
23943636
40992708
39048043
35733108
21397703
41148043
35978279
31604427
40597607
30200874
25173418
34800400
40455442
39742481
37871161
33144220
25963734
38797384
40493367
22885136
32502669
37127563
22960087
28185567
39862882
23142652
23792982
34470617
23220494
39196755
32515796
26679222
34985964
27381077
31971559
36745453
35196565
36862411
34329959
37454702
39103064
31734431
41067669
36656579
29879474
40702324
33546598
38603598
34717542
37938842
39264625
35816301
23153970
23370057
39012631
25591988
23541799
37665736
34913979
39360993
24650594
31074809
35452806
36175853
37261829
26338766
32142126
39976967
32105885
29297287
22209813
37865260
34792589
24521851
34779843
34696741
35760292
26747746
30529509
34753427
30510257
37695585
28033566
32207833
32526386
40658470
28736311
33381851
39652348
36976562
39571644
23959201
32870314
38976268
34091030
38012574
24045077
39147830
36724228
38110045
21419228
25077862
35704317
33794359
33555332
26049148
24176869
30894334
30395195
37934495
23123680
27165761
40228684
33523132
28757193
36800180
34677596
21342558
31651034
39153521
37318806
35725739
37695586
28185568
35816302
26364861
38702609
32865575
22689752
35576007
35511178
37563242
22270352
32134464
31095298
31298717
40368056
28512057
26439514
21338696
32979523
38467344
40715455
40354051
35854240
31112788
21992749
22094645
35758816
31319182
21763442
26923370
24911377
21269436
21440071
40593524
24704269
24657351
33331865
31913435
22166797
33248254
36593400
37118676
36731814
26275383
23095660
28958881
27742600
38530977
39480421
40981505
25585021
22227886
30130643
29048461
40085695
36356823
39401033
34890793
38961223
40073132
28111190
37019346
28343987
30529628
37253415
21835253
37379396
25776214
39073816
36729459
33887473
41123894
36812319
35763294
30836146
38427354
37140542
40920380
34586850
34594043
35007719
40924419
39432306
30261308
31510645
25681452
31085302
27307613
23702413
40975146
31337333
31860065
35985618
35446396
32096821
31365110
25843019
37505496
22962490
33940150
24650605
36138150
22008370
29203457
40332938
35240299
31664447
33941078
34019087
36633844
31469397
30390622
39888618
30646339
40180003
40279419
28575147
28881979
40956576
35226079
24784800
36574245
31418809
29679735
26467978
37188539
36947036
21992071
38064564
22982358
40459893
24525169
21195778
40038507
28249562
39714844
39546310
38319657
35238936
38985468
36972047
22155867
21352927
32438048
34936923
37507078
40216216
31577355
24554629
28419235
31722023
24064066
37067486
39666337
30332613
35278710
40118234
40343696
35503222
40261652
38758553
32574802
33617991
34020018
35030991
39186270
27612449
36400380
30630081
25161248
30253207
27577718
32759190
21718788
40332933
31125100
34807261
41114976
31740340
32597991
33187978
33011418
38086495
35015062
28948220
25947063
36811860
39792383
21146621
29778641
40305019
23587689
38421648
32835819
40721052
36368498
33164875
39475685
39560940
41076039
37921762
31121296
34788815
40113117
36731813
33328236
38252436
31373653
40444783
37747735
38206623
37595816
38904960
36862415
35544136
33902446
36587708
37536525
32675080
39903465
30125711
32882383
40198863
34995797
41043798
21195780
28302053
31834397
31821869
40063023
37127190
39775808
37930703
27079530
34076699
37368401
40553473
36129709
35802372
32975570
39992652
32125427
34029737
34787657
39813355
36331501
34125221
22306801
40332935
38109111
34132793
32821903
39401036
40526381
39446324
32852555
35285916
40972830
34313743
33496796
38416495
37812420
36459136
40058532
37368398
35878725
20933091
32744631
34241627
39762424
39673270
25891375
29471100
22521256
41134570
29202033
32818620
34309666
35179588
34118395
40244584
37768664
34255046
25245813
35323951
41060653
35834247
38578639
30646294
37714391
35363269
40293746
30821825
36449289
40736371
33625507
38551560
36595679
34673965
37902755
37531110
35696166
39481068
26244277
41134572
38869896
35900760
21908541
39946127
39190309
37289457
33961037
35536576
31664446
40662830
39401039
21907810
36630136
39570587
36780160
33372972
39853979
34132794
34757412
33211106
31078636
38436958
35115553
27847347
38587847
36542381
26163799
31774521
39325451
31747032
39088219
32940679
36951862
33767197
40227685
32276060
40037709
37930699
35608861
37862018
35315916
40146108
31074808
34982161
36723938
38436957
39565622
35486405
31995211
30977850
27184203
38060225
36342715
35500806
37017965
37343735
32215631
30905835
29509874
40853656
39235811
39499513
38064214
37672269
32697323
28916532
41021225
39836420
33549751
37883085
25653249
35147684
30901049
33301018
40042843
39212991
22982573
38958974
37698862
30646172
34797367
34665238
39869333
36912838
36920395
38334998
39622805
31233907
38206625
32777058
38436956
41037265
32930780
26522424
25896930
40694344
38470417
35099548
30977858
25929619
39230697
31617923
21398673
30646182
37981203
34910154
41148140
24662576
41091469
40526379
39621344
34767021
21518999
40498484
36125809
40526386
39042404
35147686
37067801
34860245
35302627
36477477
33119110
32525546
30707230
39240562
35612853
32271388
31150074
34550903
31596489
40577677
26348561
35486397
40478575
39432303
40956582
35895056
37921768
35901916
38619838
41060648
35029667
33724394
31675087
39836425
35470142
40293750
38127346
37307000
34241630
22027496
35238931
40857001
40136304
39382893
34940866
37902756
39312239
34081136
31880802
30646034
33588030
25111472
38837158
39946126
38236598
34508095
38032636
37962891
35412626
38696169
40100214
37326992
35657623
32058558
31099862
38227312
37097635
37097632
40257795
36939700
33847752
31603484
30535000
33248257
40279122
37548978
32232449
40526385
38967928
37477920
36656585
34379126
31596488
39230901
38457179
37991760
34137831
32453382
31626320
37261826
30646111
21224000
40932714
39320889
34967881
34905006
34424308
32369179
34812849
39932712
34100939
33433597
41066120
36190733
35171262
33900401
33620447
27179605
40560583
40512494
30295737
20932923
40019763
40513690
36220534
23325909
22776449
39167405
36656581
34854905
34505888
30707227
37851444
37347486
39102268
33844001
31940036
38759134
23902701
28232122
33710293
31922562
33914050
35794019
40132145
35006243
40163115
38363570
35302626
34994795
34748010
33523188
31560383
31750874
29723637
35760293
27402600
24287438
40880088
40569592
39777444
38032635
35771575
34919133
32232450
31173120
30646091
39212988
35420663
34797369
38844475
37491476
33112399
29572277
37307867
38036535
36326764
40691194
35561944
38914212
32619709
22789740
27979788
24983715
35143975
25150630
26921714
32526385
39103319
25241084
40440380
26136516
35395402
21835252
38878916
26794641
22189451
28412443
37941147
40467562
30738207
35444051
23727314
34862382
39173100
39008797
35896434
37179358
33771840
21220718
38453941
22031532
32938779
36240091
40675957
33106393
31719134
33208540
35970834
26701378
31704790
36319638
40593564
34294691
39048572
40122854
40882174
37438128
33589615
30796139
36130840
34376505
31747015
33152068
31776335
32661099
38081829
24928124
36288997
37221202
23303849
33722993
39946661
35314672
31092819
30323170
28977551
37587197
37665017
39946656
39946659
36192177
39292986
33024024
40789853
29429972
37870433
33658327
38889383
32948752
36878697
40595564
31405935
33119753
33875655
38324745
32770063
21451151
37708283
37930842
22080561
27651453
39690174
24014503
39442064
35393421
36123122
40274785
22722624
39993207
40628739
38701403
23303851
26138948
27974647
21998317
39693596
26843561
35982059
35584925
36123123
35292558
26268900
34819519
39496108
28258081
38165317
37949989
38443396
39952987
27164674
35338080
40446199
37586882
39455566
21849654
34634815
38688925
21097471
36450991
41115881
34158384
33175170
40532185
37897355
34591960
25832668
26172896
37015818
31378392
34035236
25809301
36802420
33264392
23596074
39209818
25514304
31043472
27770066
21555731
40000636
37989753
37258298
40796563
26865518
24243846
38956042
40108173
37487751
32393750
27702899
35418450
26590258
24327039
38057571
36008145
35929025
28330961
24928123
27986875
22110040
34389652
31015296
40113762
38191573
21646626
39951680
33397809
38896813
29045725
31504783
24194598
37147305
31081035
40997283
39496109
40961135
39271103
40627815
40014834
37698563
35438728
31915375
36509784
25324312
25002574
24384645
38382013
27940648
24489133
21917763
31907289
37843128
33004606
21810695
33472922
37788935
37932255
36200827
25520313
40258204
40173376
37904591
29059379
27791126
40146950
27655736
25925981
21606455
32934233
25122205
27881629
37137724
39383482
33579793
41105908
26019191
39951302
38165364
22661583
41144242
36318250
28566547
38885485
40985771
37541839
40146949
24759845
39259916
35985824
36574646
34654818
40882175
36690453
25411440
38890274
36989300
40185750
36371426
37407266
36240099
38861692
37290968
36240087
40624008
41044135
39621949
34267224
38991174
37997103
37277399
25157726
24240935
36050300
30718410
37838698
36652482
35246524
35230401
30858370
32157092
36538311
39929824
40593600
37270581
32218437
39948063
38368428
40328733
38377194
35794479
39680399
36318140
34389724
33079159
31575746
38016990
32427305
37268628
35418184
38431651
40480979
29116081
36716365
32139697
36396636
32483181
30218074
22869752
28604673
22797450
30323283
32732919
31420515
38886388
32249849
36871022
24219951
35778394
38942779
37803007
38418471
34819378
25898051
36927157
33879569
34474011
25535381
38200293
37788998
36692561
37870871
39382234
25313081
28697254
39604734
26934261
38241060
20571116
26312855
31104070
30167701
37043532
35608842
23917289
36282912
29554195
24756517
38870300
39133858
40163732
26372585
37824643
29362794
26864412
41037599
21954477
23443443
31427513
31821436
31615888
39163331
33201203
34519797
38497992
35608575
37606667
31184704
28350935
40720119
30860559
34665205
25399275
37997052
31184705
32119034
33956048
35997724
27791017
40720652
39977323
30373844
39471222
32094193
33836583
40854110
40467741
39607904
35394872
28108038
23706759
32908264
27437579
26575625
36459652
34385400
34103399
26313074
27791127
32332170
29849156
25530442
37938772
40967552
28028217
24889643
29158399
39316050
31611402
39325883
30827782
38657052
39869809
36595669
36215497
26423182
36378966
32709744
27013736
27025438
40158524
37997114
27025436
30057103
39190356
33524311
36929995
37997129
38648473
36848575
35182472
37252970
37997123
40789038
24367114
38048455
25012118
38412128
29440421
31327566
24119980
25467564
37997118
36930010
25605881
25675496
36469788
25313051
39467153
28919118
32473681
27059888
31570258
27155012
30862729
23245604
37634520
32087818
36976765
22998715
28341515
27733281
36343269
32571904
38876132
34376550
37931632
30166487
37995210
33743221
31358626
33485464
40902616
22579043
23803488
31303316
33901420
23245605
28919116
33189179
29306587
28010993
30496103
28012564
30292578
30266412
33308425
33160572
32416785
39236727
40902614
34274065
33485455
37290461
29893222
32593323
27806902
32738955
35598608